3.546099290780141966e-01
0.000000000000000000e+00
1.000000000000000000e+00
1.000000000000000000e+00
5.106382978723403854e-01
1.000000000000000000e+00
0.000000000000000000e+00
0.000000000000000000e+00
6.666666666666666297e-01
4.964539007092198530e-01
5.957446808510638014e-01
3.120567375886524886e-01
7.234042553191489811e-01
5.886524822695035075e-01
1.000000000000000000e+00
5.815602836879432136e-01
6.595744680851063357e-01
6.170212765957446832e-01
6.453900709219858589e-01
6.241134751773049771e-01
5.319148936170212671e-01
6.453900709219858589e-01
4.893617021276595591e-01
6.241134751773049771e-01
5.744680851063830307e-01
6.241134751773049771e-01
6.453900709219858589e-01
6.595744680851063357e-01
5.815602836879432136e-01
5.460992907801418550e-01
6.312056737588652711e-01
6.170212765957446832e-01
6.028368794326240954e-01
6.170212765957446832e-01
6.879432624113475114e-01
6.028368794326240954e-01
