1.373239436619718423e-01
1.056338028169014065e-02
2.183098591549295642e-01
2.183098591549295642e-01
0.000000000000000000e+00
0.000000000000000000e+00
0.000000000000000000e+00
2.887323943661971870e-01
4.471830985915493106e-01
3.767605633802816878e-01
3.485915492957746276e-01
3.626760563380281854e-01
3.802816901408450634e-01
1.000000000000000000e+00
5.739436619718309984e-01
3.767605633802816878e-01
5.176056338028168780e-01
4.507042253521126862e-01
1.000000000000000000e+00
1.000000000000000000e+00
1.000000000000000000e+00
3.345070422535211252e-01
1.000000000000000000e+00
5.633802816901408717e-01
1.000000000000000000e+00
1.000000000000000000e+00
1.000000000000000000e+00
1.000000000000000000e+00
5.140845070422535024e-01
1.000000000000000000e+00
1.000000000000000000e+00
5.140845070422535024e-01
1.000000000000000000e+00
1.000000000000000000e+00
1.000000000000000000e+00
1.000000000000000000e+00
